         br  dia_semana  fase_dia  condicao_metereologica  size
0      10.0           0         0                       0     1
1      10.0           0         0                       1     1
2      10.0           0         1                       2     1
3      10.0           0         2                       0    17
4      10.0           0         2                       3     1
...     ...         ...       ...                     ...   ...
6576  495.0           5         3                       0     1
6577  495.0           5         3                       2     2
6578  495.0           6         2                       0     1
6579  495.0           6         3                       7     1
6580  495.0           6         3                       5     1

[6581 rows x 5 columns]
